TILEMAP
48 32
8 8
images/tilesheet.png
6 4
 1  2  1  2  1  2  1  2  1  2  1  2  1  2  1  2  1  2  1  2  1  2  1  2  1  2  1  2  1  2  1  2  1  2  1  2  1  2  1  2  1  2  1  2  1  2  1  1 
 1                                                                                                                                            1
 1                                                                                                                                            1
 1                                                                                                                                            1
 1                                                                                                                                            1
 1                                                                                                                                            1
 1                                                                                                                                            1
 1                                                                                                                                            1
 1                                                                                                                                            1
 1                                                                                                                                            1
 1                                                                                                                                            1
 1                                                                                                                                            1
 1                                                                                                                                            1
 1                                                                                                                                            1
 1                                                                                                                                            1
 1                                                                                                                                            1
 1                                                                                                                                            1
 1                                                                                                                                            1
 1                                                                                                                                            1
 1                                                                                                                                            1
 1                                                                                                                                            1
 1                                                                                                                                            1
 1                                                                                                                                            1
 1                                                                                                                                            1
 1  2  1  2  1  2  1  2  1  2  1  2  1  2  1  2  1  2  1  2  1  2  1  2  1  2  1  2  1  2  1  2  1  2  1  2  1  2  1  2  1  2  1  2  1  2  1  1 